Sample,Pairs,Merged,Unmerged
PCR4_NNACAGTCGT_Locus_COI_Fwd,33714,33522,192
PCR4_NNACAGTCGT_Locus_COI_Rev,26712,26594,118
PCR4_NNAGCGCTCG_Locus_COI_Fwd,22994,22847,147
PCR4_NNAGCGCTCG_Locus_COI_Rev,20405,20316,89
PCR4_NNAGTCAGAT_Locus_COI_Fwd,74319,71335,2984
PCR4_NNAGTCAGAT_Locus_COI_Rev,54495,52401,2094
PCR4_NNGACACACG_Locus_COI_Fwd,34205,33891,314
PCR4_NNGACACACG_Locus_COI_Rev,30108,29897,211
PCR4_NNGACGCTAG_Locus_COI_Fwd,26913,25127,1786
PCR4_NNGACGCTAG_Locus_COI_Rev,22957,21543,1414
PCR4_NNNACACAGCA_Locus_COI_Fwd,21553,21387,166
PCR4_NNNACACAGCA_Locus_COI_Rev,18865,18797,68
PCR4_NNNACGACACG_Locus_COI_Fwd,40232,37596,2636
PCR4_NNNACGACACG_Locus_COI_Rev,32028,30075,1953
PCR4_NNNGACATATA_Locus_COI_Fwd,36284,36156,128
PCR4_NNNGACATATA_Locus_COI_Rev,20462,20404,58
PCR4_NNNGACGTCTG_Locus_COI_Fwd,44001,42468,1533
PCR4_NNNGACGTCTG_Locus_COI_Rev,37350,36164,1186
PCR4_NNNGCGTCAGA_Locus_COI_Fwd,128091,126547,1544
PCR4_NNNGCGTCAGA_Locus_COI_Rev,96949,95957,992
PCR4_NNNGTGCAGAC_Locus_COI_Fwd,58552,54545,4007
PCR4_NNNGTGCAGAC_Locus_COI_Rev,46353,43640,2713
PCR4_NNNGTGTCGTC_Locus_COI_Fwd,45582,42492,3090
PCR4_NNNGTGTCGTC_Locus_COI_Rev,34306,32291,2015
PCR4_NNNNACACACAC_Locus_COI_Fwd,29939,29774,165
PCR4_NNNNACACACAC_Locus_COI_Rev,22946,22823,123
PCR4_NNNNATGTCTGC_Locus_COI_Fwd,18991,16210,2781
PCR4_NNNNATGTCTGC_Locus_COI_Rev,16583,14458,2125
PCR4_NNNNGACAGAGC_Locus_COI_Fwd,26784,25274,1510
PCR4_NNNNGACAGAGC_Locus_COI_Rev,23117,21929,1188
PCR4_NNNNGCGTATGT_Locus_COI_Fwd,26559,24485,2074
PCR4_NNNNGCGTATGT_Locus_COI_Rev,19786,18368,1418
PCR4_NNNNGTACTAGT_Locus_COI_Fwd,26996,26831,165
PCR4_NNNNGTACTAGT_Locus_COI_Rev,23825,23665,160
PCR4_NNNNTCATATAC_Locus_COI_Fwd,39498,39120,378
PCR4_NNNNTCATATAC_Locus_COI_Rev,24017,23818,199
PCR4_NNNNTCGACTCT_Locus_COI_Fwd,35518,33727,1791
PCR4_NNNNTCGACTCT_Locus_COI_Rev,30327,28881,1446
PCR4_NNNNTGTCTATC_Locus_COI_Fwd,31600,30683,917
PCR4_NNNNTGTCTATC_Locus_COI_Rev,23491,22877,614
PCR4_NNNTCATCTGA_Locus_COI_Fwd,40548,39494,1054
PCR4_NNNTCATCTGA_Locus_COI_Rev,31255,30583,672
PCR4_NNTAGCAGTG_Locus_COI_Fwd,28210,26513,1697
PCR4_NNTAGCAGTG_Locus_COI_Rev,24550,22965,1585
PCR4_NNTGTAGACT_Locus_COI_Fwd,85437,82808,2629
PCR4_NNTGTAGACT_Locus_COI_Rev,69154,67405,1749
PCR4_NNTGTCACAC_Locus_COI_Fwd,50600,47955,2645
PCR4_NNTGTCACAC_Locus_COI_Rev,37164,35507,1657
PCR6_NNAGTCGATA_Locus_COI_Fwd,32896,32838,58
PCR6_NNAGTCGATA_Locus_COI_Rev,23186,23163,23
PCR6_NNNACAGCTAT_Locus_COI_Fwd,22,2,20
PCR6_NNNACAGCTAT_Locus_COI_Rev,19,0,19
PCR6_NNNACGACTGA_Locus_COI_Fwd,96806,96641,165
PCR6_NNNACGACTGA_Locus_COI_Rev,82500,82363,137
PCR6_NNNAGTATGTC_Locus_COI_Fwd,15971,15958,13
PCR6_NNNAGTATGTC_Locus_COI_Rev,11531,11524,7
PCR6_NNNGTGTGAGC_Locus_COI_Fwd,59728,59618,110
PCR6_NNNGTGTGAGC_Locus_COI_Rev,51846,51766,80
PCR6_NNNNACATCAGT_Locus_COI_Fwd,18370,18336,34
PCR6_NNNNACATCAGT_Locus_COI_Rev,16722,16712,10
PCR6_NNNNGACACGAC_Locus_COI_Fwd,37320,37209,111
PCR6_NNNNGACACGAC_Locus_COI_Rev,31885,31818,67
PCR6_NNNNGTGTCACT_Locus_COI_Fwd,52908,52817,91
PCR6_NNNNGTGTCACT_Locus_COI_Rev,48473,48415,58
PCR6_NNNNTACACGCT_Locus_COI_Fwd,20444,20409,35
PCR6_NNNNTACACGCT_Locus_COI_Rev,18985,18943,42
PCR6_NNNNTACAGTAC_Locus_COI_Fwd,0,0,0
PCR6_NNNNTACAGTAC_Locus_COI_Rev,1,1,0
PCR6_NNNNTCAGTCAC_Locus_COI_Fwd,33897,33846,51
PCR6_NNNNTCAGTCAC_Locus_COI_Rev,26634,26617,17
PCR6_NNNTGTACAGC_Locus_COI_Fwd,55685,55575,110
PCR6_NNNTGTACAGC_Locus_COI_Rev,50915,50811,104
PCR6_NNNTGTATCGT_Locus_COI_Fwd,31444,31415,29
PCR6_NNNTGTATCGT_Locus_COI_Rev,26023,26002,21
PCR6_NNTAGCGATA_Locus_COI_Fwd,36669,36587,82
PCR6_NNTAGCGATA_Locus_COI_Rev,24641,24618,23
PCR6_NNTCAGCTCG_Locus_COI_Fwd,57386,57269,117
PCR6_NNTCAGCTCG_Locus_COI_Rev,51069,51012,57
PCR6_NNTCAGTATA_Locus_COI_Fwd,25196,25139,57
PCR6_NNTCAGTATA_Locus_COI_Rev,15983,15958,25
PCR6_NNTGTAGCTA_Locus_COI_Fwd,34332,34257,75
PCR6_NNTGTAGCTA_Locus_COI_Rev,29200,29176,24
PCR6_NNTGTCAGTA_Locus_COI_Fwd,40679,40552,127
PCR6_NNTGTCAGTA_Locus_COI_Rev,31948,31887,61
PCR7_NNACACGCGA_Locus_COI_Fwd,85325,84742,583
PCR7_NNACACGCGA_Locus_COI_Rev,42140,41900,240
PCR7_NNACAGTCGT_Locus_COI_Fwd,48544,42305,6239
PCR7_NNACAGTCGT_Locus_COI_Rev,23089,20271,2818
PCR7_NNACGAGCAT_Locus_COI_Fwd,0,0,0
PCR7_NNACGAGCAT_Locus_COI_Rev,0,0,0
PCR7_NNAGCTAGCA_Locus_COI_Fwd,56976,56848,128
PCR7_NNAGCTAGCA_Locus_COI_Rev,31693,31670,23
PCR7_NNAGCTGACG_Locus_COI_Fwd,2,2,0
PCR7_NNAGCTGACG_Locus_COI_Rev,0,0,0
PCR7_NNAGTCAGAT_Locus_COI_Fwd,56727,53159,3568
PCR7_NNAGTCAGAT_Locus_COI_Rev,25642,24099,1543
PCR7_NNAGTCATCG_Locus_COI_Fwd,81008,80283,725
PCR7_NNAGTCATCG_Locus_COI_Rev,47866,47765,101
PCR7_NNAGTCGATA_Locus_COI_Fwd,29389,28302,1087
PCR7_NNAGTCGATA_Locus_COI_Rev,10305,9792,513
PCR7_NNATCGCAGT_Locus_COI_Fwd,46490,46181,309
PCR7_NNATCGCAGT_Locus_COI_Rev,30308,30144,164
PCR7_NNATGTCGAG_Locus_COI_Fwd,43697,40614,3083
PCR7_NNATGTCGAG_Locus_COI_Rev,22224,20861,1363
PCR7_NNGACGCTAG_Locus_COI_Fwd,33421,30470,2951
PCR7_NNGACGCTAG_Locus_COI_Rev,20263,18578,1685
PCR7_NNGCGCGCGC_Locus_COI_Fwd,16207,16151,56
PCR7_NNGCGCGCGC_Locus_COI_Rev,10189,10181,8
PCR7_NNNACACGACG_Locus_COI_Fwd,28847,28762,85
PCR7_NNNACACGACG_Locus_COI_Rev,17603,17589,14
PCR7_NNNACACTAGC_Locus_COI_Fwd,122108,119612,2496
PCR7_NNNACACTAGC_Locus_COI_Rev,73901,72670,1231
PCR7_NNNACACTGAT_Locus_COI_Fwd,54629,54483,146
PCR7_NNNACACTGAT_Locus_COI_Rev,32290,32269,21
PCR7_NNNACAGCGTC_Locus_COI_Fwd,0,0,0
PCR7_NNNACAGCGTC_Locus_COI_Rev,0,0,0
PCR7_NNNACAGCTAT_Locus_COI_Fwd,33680,33599,81
PCR7_NNNACAGCTAT_Locus_COI_Rev,21234,21204,30
PCR7_NNNACGACACG_Locus_COI_Fwd,39670,36504,3166
PCR7_NNNACGACACG_Locus_COI_Rev,22306,20575,1731
PCR7_NNNACGACTGA_Locus_COI_Fwd,28574,28092,482
PCR7_NNNACGACTGA_Locus_COI_Rev,12995,12820,175
PCR7_NNNAGATCTCT_Locus_COI_Fwd,71018,70831,187
PCR7_NNNAGATCTCT_Locus_COI_Rev,41101,41031,70
PCR7_NNNAGCGAGTC_Locus_COI_Fwd,44762,39770,4992
PCR7_NNNAGCGAGTC_Locus_COI_Rev,16367,14515,1852
PCR7_NNNGACATATA_Locus_COI_Fwd,52106,47675,4431
PCR7_NNNGACATATA_Locus_COI_Rev,13455,12418,1037
PCR7_NNNGACGTCTG_Locus_COI_Fwd,49289,45818,3471
PCR7_NNNGACGTCTG_Locus_COI_Rev,30307,28303,2004
PCR7_NNNGACTACGA_Locus_COI_Fwd,52855,52661,194
PCR7_NNNGACTACGA_Locus_COI_Rev,26107,26050,57
PCR7_NNNGTACGCTG_Locus_COI_Fwd,51521,51327,194
PCR7_NNNGTACGCTG_Locus_COI_Rev,35020,34937,83
PCR7_NNNGTGCACTA_Locus_COI_Fwd,34313,34131,182
PCR7_NNNGTGCACTA_Locus_COI_Rev,15091,15040,51
PCR7_NNNGTGCGACG_Locus_COI_Fwd,52801,52581,220
PCR7_NNNGTGCGACG_Locus_COI_Rev,35583,35483,100
PCR7_NNNGTGTAGCA_Locus_COI_Fwd,19413,19382,31
PCR7_NNNGTGTAGCA_Locus_COI_Rev,9547,9543,4
PCR7_NNNGTGTCGTC_Locus_COI_Fwd,75429,74104,1325
PCR7_NNNGTGTCGTC_Locus_COI_Rev,35620,35060,560
PCR7_NNNGTGTGAGC_Locus_COI_Fwd,33862,33833,29
PCR7_NNNGTGTGAGC_Locus_COI_Rev,21494,21483,11
PCR7_NNNNACACATGT_Locus_COI_Fwd,22200,22126,74
PCR7_NNNNACACATGT_Locus_COI_Rev,11428,11392,36
PCR7_NNNNACACTCTG_Locus_COI_Fwd,25811,25777,34
PCR7_NNNNACACTCTG_Locus_COI_Rev,14525,14491,34
PCR7_NNNNACATCAGT_Locus_COI_Fwd,5001,4987,14
PCR7_NNNNACATCAGT_Locus_COI_Rev,3060,3052,8
PCR7_NNNNACGACGAC_Locus_COI_Fwd,72813,72091,722
PCR7_NNNNACGACGAC_Locus_COI_Rev,40699,40492,207
PCR7_NNNNGACACGAC_Locus_COI_Fwd,52349,52099,250
PCR7_NNNNGACACGAC_Locus_COI_Rev,29047,29005,42
PCR7_NNNNGACACTGA_Locus_COI_Fwd,40198,40022,176
PCR7_NNNNGACACTGA_Locus_COI_Rev,19676,19619,57
PCR7_NNNNGACAGCAG_Locus_COI_Fwd,37,36,1
PCR7_NNNNGACAGCAG_Locus_COI_Rev,7,7,0
PCR7_NNNNGACAGTCT_Locus_COI_Fwd,20448,20390,58
PCR7_NNNNGACAGTCT_Locus_COI_Rev,12394,12378,16
PCR7_NNNNGACATCGT_Locus_COI_Fwd,15938,15891,47
PCR7_NNNNGACATCGT_Locus_COI_Rev,8163,8136,27
PCR7_NNNNGCGACGTG_Locus_COI_Fwd,35505,33015,2490
PCR7_NNNNGCGACGTG_Locus_COI_Rev,21505,20036,1469
PCR7_NNNNGCGAGTAG_Locus_COI_Fwd,57748,56440,1308
PCR7_NNNNGCGAGTAG_Locus_COI_Rev,25807,25272,535
PCR7_NNNNGCGTATGT_Locus_COI_Fwd,61889,56049,5840
PCR7_NNNNGCGTATGT_Locus_COI_Rev,26601,24155,2446
PCR7_NNNNGTACTAGT_Locus_COI_Fwd,26441,23308,3133
PCR7_NNNNGTACTAGT_Locus_COI_Rev,15952,14172,1780
PCR7_NNNNGTGTCACT_Locus_COI_Fwd,64274,64177,97
PCR7_NNNNGTGTCACT_Locus_COI_Rev,40528,40463,65
PCR7_NNNNTACAGTAC_Locus_COI_Fwd,14408,13920,488
PCR7_NNNNTACAGTAC_Locus_COI_Rev,5719,5435,284
PCR7_NNNNTCAGTCAC_Locus_COI_Fwd,47734,47567,167
PCR7_NNNNTCAGTCAC_Locus_COI_Rev,21525,21471,54
PCR7_NNNNTCGACTCT_Locus_COI_Fwd,79266,77879,1387
PCR7_NNNNTCGACTCT_Locus_COI_Rev,48609,47752,857
PCR7_NNNNTCGTGCTC_Locus_COI_Fwd,124707,123831,876
PCR7_NNNNTCGTGCTC_Locus_COI_Rev,59641,59241,400
PCR7_NNNNTGCTGCAC_Locus_COI_Fwd,54190,53779,411
PCR7_NNNNTGCTGCAC_Locus_COI_Rev,31437,31380,57
PCR7_NNNNTGTCTATC_Locus_COI_Fwd,25754,22930,2824
PCR7_NNNNTGTCTATC_Locus_COI_Rev,11291,10106,1185
PCR7_NNNTGTACAGC_Locus_COI_Fwd,81963,81764,199
PCR7_NNNTGTACAGC_Locus_COI_Rev,58827,58751,76
PCR7_NNNTGTATCGT_Locus_COI_Fwd,29695,29661,34
PCR7_NNNTGTATCGT_Locus_COI_Rev,15485,15480,5
PCR7_NNTAGCGATA_Locus_COI_Fwd,61398,61251,147
PCR7_NNTAGCGATA_Locus_COI_Rev,20332,20321,11
PCR7_NNTCAGTATA_Locus_COI_Fwd,61648,61304,344
PCR7_NNTCAGTATA_Locus_COI_Rev,17434,17410,24
PCR7_NNTCATACGT_Locus_COI_Fwd,76488,75378,1110
PCR7_NNTCATACGT_Locus_COI_Rev,37212,36787,425
PCR7_NNTGCTCAGA_Locus_COI_Fwd,60917,60540,377
PCR7_NNTGCTCAGA_Locus_COI_Rev,28350,28307,43
PCR7_NNTGCTCGAT_Locus_COI_Fwd,42152,42038,114
PCR7_NNTGCTCGAT_Locus_COI_Rev,21021,20993,28
PCR7_NNTGTACTAT_Locus_COI_Fwd,57143,56817,326
PCR7_NNTGTACTAT_Locus_COI_Rev,24750,24697,53
PCR7_NNTGTAGCTA_Locus_COI_Fwd,72699,72534,165
PCR7_NNTGTAGCTA_Locus_COI_Rev,38099,38071,28
PCR7_NNTGTCACAC_Locus_COI_Fwd,83048,81717,1331
PCR7_NNTGTCACAC_Locus_COI_Rev,35645,35133,512
PCR7_NNTGTCAGTA_Locus_COI_Fwd,29216,29170,46
PCR7_NNTGTCAGTA_Locus_COI_Rev,12912,12907,5
